GENESIS, INAUGURAL, WEBTEXT, BROWN, GUTENBERG
0.42856,0.47659,0.23773,0.34166,0.41483,
0.43072,0.47619,0.25567,0.32762,0.41612,
0.01722,0.45803,0.3294,0.33582,0.42693,
0.00945,0.4522,0.29719,0.36716,0.39788,
0.02014,0.4526,0.1541,0.38547,0.34199,
0.2666,0.47589,0.28568,0.36544,0.41933,
0.05336,0.45706,,0.34758,0.40115,
0.01918,0.45112,,0.40146,0.39818,
,0.44816,,0.33885,0.40766,
,0.45016,,0.3475,0.39956,
,0.47848,,0.32315,0.40302,
,0.47672,,0.33405,0.4022,
,0.44258,,0.35386,0.3785,
,0.47725,,0.35079,0.33764,
,0.46035,,0.33924,0.35137,
,0.46447,,0.31761,0.35755,
,0.45392,,0.31836,0.3204,
,0.43544,,0.30164,0.36058,
,0.46692,,0.32434,,
,0.42293,,0.32672,,
,0.45763,,0.29978,,
,0.46211,,0.31659,,
,0.45081,,0.29738,,
,0.44396,,0.32904,,
,0.46444,,0.30382,,
,0.45305,,0.33319,,
,0.46447,,0.33872,,
,0.43217,,0.34595,,
,0.43265,,0.32865,,
,0.45555,,0.37071,,
,0.45484,,0.328,,
,0.44199,,0.35256,,
,0.47826,,0.36646,,
,0.40921,,0.38971,,
,0.44867,,0.39423,,
,0.44319,,0.37865,,
,0.45177,,0.33348,,
,0.43338,,0.39397,,
,0.45117,,0.31077,,
,0.46468,,0.33504,,
,0.43157,,0.36835,,
,0.43387,,0.33918,,
,0.42514,,0.32475,,
,0.42173,,0.36627,,
,0.44723,,0.37636,,
,0.46021,,0.37825,,
,0.46696,,0.39528,,
,0.44275,,0.37444,,
,0.44413,,0.36278,,
,0.4243,,0.36934,,
,0.43568,,0.39125,,
,0.42156,,0.41503,,
,0.43704,,0.37889,,
,0.42192,,0.40905,,
,0.42466,,0.33101,,
,0.4314,,0.37413,,
,,,0.36436,,
,,,0.39178,,
,,,0.40242,,
,,,0.37345,,
,,,0.41171,,
,,,0.40246,,
,,,0.39615,,
,,,0.36277,,
,,,0.39069,,
,,,0.39669,,
,,,0.3776,,
,,,0.33845,,
,,,0.36698,,
,,,0.37651,,
,,,0.416,,
,,,0.35776,,
,,,0.36767,,
,,,0.35484,,
,,,0.35909,,
,,,0.37615,,
,,,0.39252,,
,,,0.32053,,
,,,0.38452,,
,,,0.35949,,
,,,0.35189,,
,,,0.34919,,
,,,0.35269,,
,,,0.37555,,
,,,0.36558,,
,,,0.29165,,
,,,0.3691,,
,,,0.31013,,
,,,0.43832,,
,,,0.43059,,
,,,0.36835,,
,,,0.41501,,
,,,0.4083,,
,,,0.42987,,
,,,0.42518,,
,,,0.37436,,
,,,0.37511,,
,,,0.39366,,
,,,0.43142,,
,,,0.37495,,
,,,0.47361,,
,,,0.37698,,
,,,0.36242,,
,,,0.39086,,
,,,0.38071,,
,,,0.37777,,
,,,0.40983,,
,,,0.39654,,
,,,0.37342,,
,,,0.38133,,
,,,0.37399,,
,,,0.35696,,
,,,0.40296,,
,,,0.26454,,
,,,0.36137,,
,,,0.3712,,
,,,0.34222,,
,,,0.40248,,
,,,0.3231,,
,,,0.27132,,
,,,0.38057,,
,,,0.4082,,
,,,0.37359,,
,,,0.40487,,
,,,0.3785,,
,,,0.39705,,
,,,0.35179,,
,,,0.38188,,
,,,0.39414,,
,,,0.36417,,
,,,0.38654,,
,,,0.28325,,
,,,0.36229,,
,,,0.3976,,
,,,0.36966,,
,,,0.3449,,
,,,0.3587,,
,,,0.38827,,
,,,0.31826,,
,,,0.37412,,
,,,0.42473,,
,,,0.37611,,
,,,0.36219,,
,,,0.38254,,
,,,0.36182,,
,,,0.34667,,
,,,0.42904,,
,,,0.39093,,
,,,0.35314,,
,,,0.39506,,
,,,0.36407,,
,,,0.37792,,
,,,0.3939,,
,,,0.42055,,
,,,0.40613,,
,,,0.37388,,
,,,0.33934,,
,,,0.3627,,
,,,0.38703,,
,,,0.38561,,
,,,0.36787,,
,,,0.37929,,
,,,0.37845,,
,,,0.38973,,
,,,0.3578,,
,,,0.37008,,
,,,0.37998,,
,,,0.39685,,
,,,0.39568,,
,,,0.34188,,
,,,0.36963,,
,,,0.41486,,
,,,0.38114,,
,,,0.4128,,
,,,0.30522,,
,,,0.35342,,
,,,0.39839,,
,,,0.44914,,
,,,0.38628,,
,,,0.3658,,
,,,0.35689,,
,,,0.39628,,
,,,0.3949,,
,,,0.39948,,
,,,0.38352,,
,,,0.40911,,
,,,0.36259,,
,,,0.42901,,
,,,0.41854,,
,,,0.40935,,
,,,0.36391,,
,,,0.36663,,
,,,0.41162,,
,,,0.40476,,
,,,0.3834,,
,,,0.37132,,
,,,0.34711,,
,,,0.40913,,
,,,0.42069,,
,,,0.41663,,
,,,0.44039,,
,,,0.38598,,
,,,0.39655,,
,,,0.38385,,
,,,0.40072,,
,,,0.37637,,
,,,0.39406,,
,,,0.38468,,
,,,0.39633,,
,,,0.4245,,
,,,0.38237,,
,,,0.38731,,
,,,0.45409,,
,,,0.39601,,
,,,0.4369,,
,,,0.37813,,
,,,0.4066,,
,,,0.43348,,
,,,0.35137,,
,,,0.38886,,
,,,0.39499,,
,,,0.44754,,
,,,0.36325,,
,,,0.39168,,
,,,0.37762,,
,,,0.39165,,
,,,0.40138,,
,,,0.36207,,
,,,0.39431,,
,,,0.43717,,
,,,0.39127,,
,,,0.42652,,
,,,0.4008,,
,,,0.38736,,
,,,0.38482,,
,,,0.3843,,
,,,0.38793,,
,,,0.41325,,
,,,0.36548,,
,,,0.38806,,
,,,0.40624,,
,,,0.38405,,
,,,0.39476,,
,,,0.41836,,
,,,0.42244,,
,,,0.36611,,
,,,0.39283,,
,,,0.43728,,
,,,0.43225,,
,,,0.37715,,
,,,0.34748,,
,,,0.40471,,
,,,0.36302,,
,,,0.39866,,
,,,0.41486,,
,,,0.41942,,
,,,0.40417,,
,,,0.35023,,
,,,0.44297,,
,,,0.39608,,
,,,0.38985,,
,,,0.3659,,
,,,0.37126,,
,,,0.41521,,
,,,0.28311,,
,,,0.39195,,
,,,0.4531,,
,,,0.32729,,
,,,0.38824,,
,,,0.30983,,
,,,0.34442,,
,,,0.40336,,
,,,0.35741,,
,,,0.30048,,
,,,0.32653,,
,,,0.39884,,
,,,0.37002,,
,,,0.32246,,
,,,0.35452,,
,,,0.37596,,
,,,0.38795,,
,,,0.45644,,
,,,0.41613,,
,,,0.35661,,
,,,0.37369,,
,,,0.38843,,
,,,0.35451,,
,,,0.38851,,
,,,0.40434,,
,,,0.35227,,
,,,0.35587,,
,,,0.34398,,
,,,0.36045,,
,,,0.39205,,
,,,0.38465,,
,,,0.35014,,
,,,0.41678,,
,,,0.33505,,
,,,0.33743,,
,,,0.37011,,
,,,0.36709,,
,,,0.35494,,
,,,0.29192,,
,,,0.39655,,
,,,0.35661,,
,,,0.33033,,
,,,0.34089,,
,,,0.34726,,
,,,0.28917,,
,,,0.30558,,
,,,0.36534,,
,,,0.36681,,
,,,0.35491,,
,,,0.39982,,
,,,0.40422,,
,,,0.39085,,
,,,0.35601,,
,,,0.36527,,
,,,0.36475,,
,,,0.32536,,
,,,0.40718,,
,,,0.41596,,
,,,0.36009,,
,,,0.42126,,
,,,0.43255,,
,,,0.39078,,
,,,0.42436,,
,,,0.38134,,
,,,0.33736,,
,,,0.38904,,
,,,0.36185,,
,,,0.34407,,
,,,0.37495,,
,,,0.39337,,
,,,0.38133,,
,,,0.36458,,
,,,0.33733,,
,,,0.3807,,
,,,0.36676,,
,,,0.40777,,
,,,0.37257,,
,,,0.35767,,
,,,0.39059,,
,,,0.36869,,
,,,0.36021,,
,,,0.47849,,
,,,0.42071,,
,,,0.36364,,
,,,0.38479,,
,,,0.32774,,
,,,0.42072,,
,,,0.37406,,
,,,0.41057,,
,,,0.3493,,
,,,0.38267,,
,,,0.4592,,
,,,0.38625,,
,,,0.38848,,
,,,0.37888,,
,,,0.36446,,
,,,0.38371,,
,,,0.37576,,
,,,0.33494,,
,,,0.33516,,
,,,0.34495,,
,,,0.30059,,
,,,0.29204,,
,,,0.31049,,
,,,0.36173,,
,,,0.32593,,
,,,0.33545,,
,,,0.28933,,
,,,0.41585,,
,,,0.35492,,
,,,0.36311,,
,,,0.38882,,
,,,0.42857,,
,,,0.3974,,
,,,0.40469,,
,,,0.33755,,
,,,0.3639,,
,,,0.42274,,
,,,0.45024,,
,,,0.36477,,
,,,0.37891,,
,,,0.3468,,
,,,0.40736,,
,,,0.39872,,
,,,0.36824,,
,,,0.36869,,
,,,0.37941,,
,,,0.43868,,
,,,0.43838,,
,,,0.39066,,
,,,0.36406,,
,,,0.39767,,
,,,0.39672,,
,,,0.3981,,
,,,0.43677,,
,,,0.39892,,
,,,0.40621,,
,,,0.37147,,
,,,0.41873,,
,,,0.4246,,
,,,0.41941,,
,,,0.39456,,
,,,0.41357,,
,,,0.39055,,
,,,0.43444,,
,,,0.39168,,
,,,0.39735,,
,,,0.39323,,
,,,0.39314,,
,,,0.4135,,
,,,0.35289,,
,,,0.40291,,
,,,0.35252,,
,,,0.38422,,
,,,0.39934,,
,,,0.37826,,
,,,0.43675,,
,,,0.36996,,
,,,0.36864,,
,,,0.35543,,
,,,0.41221,,
,,,0.40897,,
,,,0.41537,,
,,,0.3387,,
,,,0.38308,,
,,,0.40525,,
,,,0.38846,,
,,,0.35796,,
,,,0.41127,,
,,,0.40278,,
,,,0.40957,,
,,,0.36975,,
,,,0.37846,,
,,,0.4092,,
,,,0.43835,,
,,,0.35497,,
,,,0.41328,,
,,,0.39066,,
,,,0.37839,,
,,,0.37088,,
,,,0.3684,,
,,,0.38998,,
,,,0.35867,,
,,,0.39474,,
,,,0.33888,,
,,,0.37011,,
,,,0.47385,,
,,,0.37281,,
,,,0.39728,,
,,,0.38659,,
,,,0.39256,,
,,,0.40996,,
,,,0.3698,,
,,,0.37924,,
,,,0.36736,,
,,,0.39771,,
,,,0.37571,,
,,,0.35352,,
,,,0.40823,,
,,,0.43233,,
,,,0.36788,,
,,,0.37745,,
,,,0.38193,,
,,,0.36998,,
,,,0.37652,,
,,,0.43116,,
,,,0.49703,,
,,,0.42037,,
,,,0.44032,,
,,,0.42103,,
,,,0.429,,
,,,0.36625,,
,,,0.35341,,
,,,0.34772,,
,,,0.38811,,
,,,0.39692,,
,,,0.40465,,
,,,0.4028,,
,,,0.3869,,
,,,0.41376,,
,,,0.35271,,
,,,0.34311,,
,,,0.42294,,
,,,0.43081,,
,,,0.36926,,
,,,0.41642,,
,,,0.32892,,
,,,0.37838,,
,,,0.38587,,
,,,0.36181,,
,,,0.4375,,
,,,0.36445,,
,,,0.38907,,
,,,0.39984,,
,,,0.35133,,
,,,0.38808,,
